<?xml version="1.0" encoding="UTF-8"?>
<document version="2.0.0">
  <chunk label="Chunk 1" enabled="true">
    <sensors next_id="2">
      <sensor id="0" label="unknown" type="frame">
        <resolution width="3120" height="4160"/>
        <property name="layer_index" value="0"/>
        <bands>
          <band label="Red"/>
          <band label="Green"/>
          <band label="Blue"/>
        </bands>
        <data_type>uint8</data_type>
        <calibration type="frame" class="adjusted">
          <resolution width="3120" height="4160"/>
          <f>3170.5214999719205</f>
          <k1>0.070406733473472816</k1>
        </calibration>
      </sensor>
      <sensor id="1" label="unknown" type="frame">
        <resolution width="960" height="1280"/>
        <property name="layer_index" value="0"/>
        <bands>
          <band label="Red"/>
          <band label="Green"/>
          <band label="Blue"/>
        </bands>
        <data_type>uint8</data_type>
        <calibration type="frame" class="adjusted">
          <resolution width="960" height="1280"/>
          <f>1876.4398939394205</f>
          <k1>4.2156769073185716</k1>
        </calibration>
      </sensor>
    </sensors>
    <components next_id="1" active_id="0">
      <component id="0" label="Component 1">
        <transform>
          <translation locked="false">-17.491956511909603 6.4104727071452352 0</translation>
        </transform>
        <region>
          <center>4.78708060624583 -12.997955345623522 -89.716976986683605</center>
          <size>179.37616642316181 145.88289852937064 120.80219002564749</size>
          <R>-0.071579437968992993 0.83853099026318545 0.54013161583847769 -0.67068977943247865 -0.44128308759152413 0.59619162722274488 0.73827610270471056 -0.31958569269279347 0.59398096030193692</R>
        </region>
        <partition>
          <camera_ids>0 1 2 3 4 5 6 7 8 9 10 11 12 13 14 15 16 17 18 20 21 22 23 24 25 26 27 28 29 31 32 33 34 35 36 37 38 39 40 41 43 44 45 48 49 50</camera_ids>
        </partition>
      </component>
    </components>
    <cameras next_id="51" next_group_id="0">
      <camera id="0" sensor_id="0" component_id="0" label="0ac40f4c-2b4d-4f92-947c-4e293de0e65a">
        <transform>1 0 0 0 0 -1 0 0 0 0 -1 0 0 0 0 1</transform>
      </camera>
      <camera id="1" sensor_id="0" label="0d2dbf8d-3470-4555-9f79-b0a4bbcceafa"/>
      <camera id="2" sensor_id="1" label="0e047bb8-a536-4dd8-9272-ac6df733e666"/>
      <camera id="3" sensor_id="0" component_id="0" label="060a9d02-f5e7-4f14-bb33-3775a71fa2ca">
        <transform>0.96247001172884539 0.065035992117623856 -0.26348016291924825 17.879776040475544 0.057738363647791932 -0.99770552252927858 -0.035354938521441226 6.7569208865216668 -0.26517495712444755 0.018815154632793207 -0.96401671773377018 -55.040312828535292 0 0 0 1</transform>
      </camera>
      <camera id="4" sensor_id="0" label="1bea58de-6df3-4346-b62e-ff21a577f487"/>
      <camera id="5" sensor_id="0" label="1d4b1f28-6267-469a-8ddc-c28b5c5b485a"/>
      <camera id="6" sensor_id="0" label="2bde335a-434b-427a-aa11-8fa120341959"/>
      <camera id="7" sensor_id="0" label="3c3afd66-6a06-42cd-a660-c3b4d89a730f"/>
      <camera id="8" sensor_id="0" component_id="0" label="4d335d10-61c4-4ff2-bfa4-075f58dfd07c">
        <transform>0.98403714969040346 -0.0011109069585444054 -0.17795969744556156 7.3805638462486352 7.9890422313582917e-05 -0.99997765808039185 0.0066840824034069546 2.7447780393303667 -0.17796314687796119 -0.0065916026719279319 -0.98401507566068758 -22.406030169347449 0 0 0 1</transform>
      </camera>
      <camera id="9" sensor_id="0" label="4da92469-2ad6-4e3e-8cad-4ddbe80ab1e3"/>
      <camera id="10" sensor_id="0" component_id="0" label="6bf2d780-83ed-481a-b8c2-fd7d15e278f2">
        <transform>0.95359051101129944 -0.04604544354907128 0.29756504236482223 17.249280536654659 -0.03492936436486821 -0.99848272686346873 -0.042569750532018891 6.3242638849255854 0.2990736979646913 0.030200352376442807 -0.95375199182075809 -51.675705840593714 0 0 0 1</transform>
      </camera>
      <camera id="11" sensor_id="0" label="6d079c38-5169-46d7-af41-c6bb8cae17ee"/>
      <camera id="12" sensor_id="0" label="9c190893-1e22-41dd-a621-02baa02de07d"/>
      <camera id="13" sensor_id="1" label="9f45477f-0865-4675-a602-14c0507c93ac"/>
      <camera id="14" sensor_id="1" label="11cd22e4-85a0-40d9-87df-ef17bf2fd6e0"/>
      <camera id="15" sensor_id="0" label="11d2b5c4-0d67-4d03-88d1-4f4f1078fef1"/>
      <camera id="16" sensor_id="1" label="16ccc8bf-d213-491e-9265-b78c422b0ffe"/>
      <camera id="17" sensor_id="0" label="33cf601e-36f9-42f3-8424-f9469cbbdf09"/>
      <camera id="18" sensor_id="0" label="50eb38d0-40d6-4736-b710-5a794c8ac73d"/>
      <camera id="19" sensor_id="0" label="65c1ea32-e53f-464f-ab06-5a1b21a5a4ce"/>
      <camera id="20" sensor_id="0" component_id="0" label="84ca851b-4730-4b7b-92d3-b67b56a1df87">
        <transform>0.94793993544438337 -0.037790703908118242 0.3161988954563672 6.9868305537754205 -0.041912988415067243 -0.99910175566385073 0.0062436553019483143 2.7040120221863901 0.31567891946060661 -0.01917145084598576 -0.94867237510145919 -21.954010743711748 0 0 0 1</transform>
      </camera>
      <camera id="21" sensor_id="0" label="122edcad-a87e-4347-aaed-708b0844a1c1"/>
      <camera id="22" sensor_id="0" label="3169f266-7dab-4f01-92d5-f41a6f12d937"/>
      <camera id="23" sensor_id="0" label="3222c1e5-55e4-49bd-9ab0-ee262e9bf626"/>
      <camera id="24" sensor_id="0" label="15126c0d-e33d-4c90-9a8d-2e8fa4dec877"/>
      <camera id="25" sensor_id="0" label="42167b3b-8eee-4c2d-8e4d-ae2e2409b856"/>
      <camera id="26" sensor_id="1" label="722599bd-f727-42a1-ab8a-281337b4130a"/>
      <camera id="27" sensor_id="0" component_id="0" label="97392913-795d-43f9-81e9-7e7fef517935">
        <transform>-0.75623418780871088 -0.47498425118655996 -0.44999979368222237 33.024935576518374 0.11794251271359857 0.57753275803687676 -0.80780287019118768 -14.230618134551003 0.64358326336543459 -0.66396225383606022 -0.38072918012261225 -30.340862216915465 0 0 0 1</transform>
      </camera>
      <camera id="28" sensor_id="1" label="a3cf17a3-15dd-45c2-be63-43a65cbd5b06"/>
      <camera id="29" sensor_id="0" label="a60d7a62-318a-4e83-9edb-dd71d1934c2e"/>
      <camera id="30" sensor_id="1" label="aada37df-b83f-48a0-917f-009e79816b58"/>
      <camera id="31" sensor_id="1" label="ab125683-f004-4987-ba46-4194ef69f1f8"/>
      <camera id="32" sensor_id="0" label="b36475e3-7275-4b4b-8f1c-2477a3f87d92"/>
      <camera id="33" sensor_id="0" label="c01627aa-c264-4992-8dbe-cd5124ac2d91"/>
      <camera id="34" sensor_id="0" label="c02d5b6c-af43-4de9-af8c-901f0169caa2"/>
      <camera id="35" sensor_id="0" component_id="0" label="c1e07f95-a6b7-46eb-8d4a-2336732b9626">
        <transform>0.94387989869370181 -0.04682104522377678 0.32695340121509614 12.338062290004018 -0.05168536464289436 -0.99864417047377718 0.0062003113206173244 4.5334330258164259 0.32621980308328574 -0.022751054984210872 -0.94502012125319701 -37.238357411179827 0 0 0 1</transform>
      </camera>
      <camera id="36" sensor_id="0" label="c85608b2-ad39-4867-b015-76ac27c643d0"/>
      <camera id="37" sensor_id="0" label="caeb20a0-f240-45a6-b511-371f5afce496"/>
      <camera id="38" sensor_id="0" label="cc28ab00-ac0e-4615-829e-186dcab81bf4"/>
      <camera id="39" sensor_id="0" component_id="0" label="cf98c298-c7e0-415b-9e0c-65369a3681df">
        <transform>0.66667466737943659 -0.43438652501504127 0.60568410476078594 -40.425954653467869 0.27856160248365702 -0.60852431402965057 -0.74303539138891705 74.898383763724368 0.69133806599684255 0.6640832072263998 -0.28468433814251987 -41.784115062145041 0 0 0 1</transform>
      </camera>
      <camera id="40" sensor_id="0" label="d1c7f2f7-f2bc-467a-936f-900b2ebcda84"/>
      <camera id="41" sensor_id="0" label="d18b78b9-53e5-418f-bffe-ba0fcdf17c47"/>
      <camera id="42" sensor_id="0" label="dd0d283c-3fe3-4341-9e48-ac70bf0d31ef"/>
      <camera id="43" sensor_id="0" component_id="0" label="e3b98563-bc1d-42b6-92be-fa76f305ff55">
        <transform>0.96838414860690047 -0.036023781983341482 0.24684899809094857 -1.2453215841780421 -0.037378215223766567 -0.99930086883878733 0.00080160135398866812 0.35652073734290912 0.24664754155185542 -0.01000303302311918 -0.96905362574873222 0.25662572466275846 0 0 0 1</transform>
      </camera>
      <camera id="44" sensor_id="0" label="e7a35224-9a29-4604-b667-8da7d578671a"/>
      <camera id="45" sensor_id="0" label="ec2b4478-0668-4149-962b-d79c0c0a6adb"/>
      <camera id="46" sensor_id="0" label="ee4303f1-adab-436c-929f-904aeed7c852"/>
      <camera id="47" sensor_id="0" label="f0f578df-ad2c-4e0a-9f9b-9dc10f1404f0"/>
      <camera id="48" sensor_id="0" label="f98af0e3-1c47-4024-a719-52c0d1c8d1aa"/>
      <camera id="49" sensor_id="1" label="f8533b58-35bd-4970-95a3-6371e8914432"/>
      <camera id="50" sensor_id="0" component_id="0" label="ff9f391e-a025-4403-a77e-425ea0cc2322">
        <transform>0.9112582422853337 0.045811077594062076 -0.40927956342421423 -0.23329853624956531 0.027572411904928554 -0.99835062686420628 -0.050356607725224434 0.28557793391563041 -0.41091139917114666 0.034603049136138132 -0.91101835932196962 -0.60603450994509134 0 0 0 1</transform>
      </camera>
    </cameras>
    <transform>
      <translation locked="false">-17.491956511909603 6.4104727071452352 0</translation>
    </transform>
    <reference>LOCAL_CS["Local Coordinates (m)",LOCAL_DATUM["Local Datum",0],UNIT["metre",1,AUTHORITY["EPSG","9001"]]]</reference>
    <region>
      <center>4.78708060624583 -12.997955345623522 -89.716976986683605</center>
      <size>179.37616642316181 145.88289852937064 120.80219002564749</size>
      <R>-0.071579437968992993 0.83853099026318545 0.54013161583847769 -0.67068977943247865 -0.44128308759152413 0.59619162722274488 0.73827610270471056 -0.31958569269279347 0.59398096030193692</R>
    </region>
    <settings>
      <property name="accuracy_tiepoints" value="1"/>
      <property name="accuracy_cameras" value="10"/>
      <property name="accuracy_cameras_ypr" value="10"/>
      <property name="accuracy_markers" value="0.0050000000000000001"/>
      <property name="accuracy_scalebars" value="0.001"/>
      <property name="accuracy_projections" value="0.5"/>
    </settings>
    <meta>
      <property name="AlignCameras/adaptive_fitting" value="true"/>
      <property name="AlignCameras/align_laser_scans" value="false"/>
      <property name="AlignCameras/cameras" value=""/>
      <property name="AlignCameras/duration" value="8.473"/>
      <property name="AlignCameras/min_image" value="2"/>
      <property name="AlignCameras/point_clouds" value=""/>
      <property name="AlignCameras/ram_used" value="25698304"/>
      <property name="AlignCameras/reset_alignment" value="false"/>
      <property name="AlignCameras/subdivide_task" value="true"/>
      <property name="OptimizeCameras/sigma0" value="2.5447735049657"/>
    </meta>
  </chunk>
</document>
